haplotype	temperature	date_assay	sex	age	number	recovery_time	10s_1	10s_2	10s_3	10s_mean	mean_10s	5s_1	5s_2	5s_3	5s_mean	mean_5s
VSK/VNR	21	07/01/2025	male	7-9	3	30min	3	3	3	3	1	3	1	3	2.333333333	0.7777777778
ANR/VNR	21	07/01/2025	male	7-9	6	30min	5	5	5	5	0.8333333333	5	5	5	5	0.8333333333
ANR/VNR	21	07/01/2025	male	7-9	6	30min	6	6	6	6	1	6	6	6	6	1
ANR/VNR	21	07/01/2025	male	7-9	6	30min	5	6	6	5.666666667	0.9444444444	5	6	6	5.666666667	0.9444444444
ANR/VNR	21	07/01/2025	male	7-9	7	30min	6	6	6	6	0.8571428571	6	5	6	5.666666667	0.8095238095
VSR/VNR	21	07/01/2025	male	7-9	7	30min	6	6	6	6	0.8571428571	5	4	6	5	0.7142857143
VSR/VNR	21	07/01/2025	male	7-9	7	30min	6	6	5	5.666666667	0.8095238095	5	4	5	4.666666667	0.6666666667
VNK/VNR	21	07/01/2025	male	7-9	10	30min	9	10	9	9.333333333	0.9333333333	10	10	10	10	1
VNK/VNR	21	07/01/2025	male	7-9	8	30min	7	7	7	7	0.875	6	6	7	6.333333333	0.7916666667
ASK/VNR	21	07/01/2025	male	7-9	11	30min	8	8	9	8.333333333	0.7575757576	6	8	7	7	0.6363636364
ASK/VNR	21	07/11/2025	male	8	7	40min	4	4	3	3.666666667	0.5238095238	3	3	2	2.666666667	0.380952381
ANR/VNR	21	07/11/2025	male	8	7	40min	7	6	7	6.666666667	0.9523809524	6	6	6	6	0.8571428571
ASK/VNR	21	07/14/2025	male	7	9	30min	7	7	7	7	0.7777777778	7	6	6	6.333333333	0.7037037037
ASK/VNR	21	07/14/2025	male	7	8	30min	7	7	8	7.333333333	0.9166666667	8	7	8	7.666666667	0.9583333333
VNK/VNR	21	07/14/2025	male	7	10	30min	7	7	9	7.666666667	0.7666666667	8	6	7	7	0.7
VSR/VNR	21	07/14/2025	male	7	7	30min	5	5	5	5	0.7142857143	5	6	6	5.666666667	0.8095238095
VSK/VNR	21	07/25/2025	male	9	6	40min	6	6	6	6	1	5	4	5	4.666666667	0.7777777778
VSR/VNR	21	07/28/2025	male	10	4	60min	4	4	4	4	1	4	3	4	3.666666667	0.9166666667
ASR/VNR	21	07/28/2025	male	10	7	60min	7	7	7	7	1	5	7	5	5.666666667	0.8095238095
VSR/VNR	21	07/28/2025	male	11	8	60min	7	7	7	7	0.875	4	6	6	5.333333333	0.6666666667
ASR/VNR	21	07/28/2025	male	11	8	60min	6	6	6	6	0.75	6	5	5	5.333333333	0.6666666667
ASR/VNR	21	07/28/2025	male	11	8	60min	8	7	8	7.666666667	0.9583333333	6	6	7	6.333333333	0.7916666667
ASR/VNR	21	07/31/2025	male	10	6	60min	6	6	5	5.666666667	0.9444444444	4	5	4	4.333333333	0.7222222222
VSR/VNR	21	07/31/2025	male	10	5	60min	5	4	5	4.666666667	0.9333333333	5	5	5	5	1
ANR/VNR	21	07/31/2025	male	10	7	60min	7	7	7	7	1	6	7	6	6.333333333	0.9047619048
VSK/VNR	21	07/31/2025	male	10	5	60min	5	5	5	5	1	5	4	5	4.666666667	0.9333333333
VSK/VNR	21	07/31/2025	male	10	5	60min	4	5	5	4.666666667	0.9333333333	4	2	3	3	0.6
VSK/VNR	21	07/31/2025	male	7-10	11	60min	10	10	10	10	0.9090909091	9	7	8	8	0.7272727273
ASR/VNR	21	07/31/2025	male	7-10	8	60min	6	5	5	5.333333333	0.6666666667	5	4	4	4.333333333	0.5416666667
ANR/VNR	21	07/31/2025	male	7-10	7	60min	6	6	6	6	0.8571428571	6	6	6	6	0.8571428571
ASR/VNR	21	07/31/2025	male	7-10	9	60min	9	9	9	9	1	8	7	7	7.333333333	0.8148148148
ANR/VNR	21	08/01/2025	male	7-10	5	60min	5	5	5	5	1	5	4	5	4.666666667	0.9333333333
VSK/VNR	21	08/01/2025	male	7-10	8	60min	8	8	8	8	1	8	7	8	7.666666667	0.9583333333
VSK/VNR	21	08/04/2025	male	7-10	10	50min	9	7	7	7.666666667	0.7666666667	5	5	4	4.666666667	0.4666666667
VSK/VNR	21	08/04/2025	male	7-10	10	50min	7	6	8	7	0.7	6	4	4	4.666666667	0.4666666667
ASR/VNR	21	08/08/2025	male	8	9	60min	8	9	7	8	0.8888888889	7	7	6	6.666666667	0.7407407407
VSK/VNR	21	08/11/2025	male	10	6	40min	5	5	6	5.333333333	0.8888888889	4	4	6	4.666666667	0.7777777778
ANR/VNR	21	08/11/2025	male	10	5	40min	5	5	4	4.666666667	0.9333333333	4	5	3	4	0.8
VSK/VNR	21	08/11/2025	male	7-10	7	40min	6	7	7	6.666666667	0.9523809524	5	7	7	6.333333333	0.9047619048
ANR/VNR	21	08/11/2025	male	7-10	5	40min	5	5	5	5	1	5	4	5	4.666666667	0.9333333333
ASR/VNR	21	08/11/2025	male	7-10	7	40min	7	6	7	6.666666667	0.9523809524	7	6	7	6.666666667	0.9523809524
ASR/VNR	21	08/11/2025	male	7-10	8	40min	8	8	8	8	1	8	8	7	7.666666667	0.9583333333
VNR/VNR	21	08/11/2025	male	7-10	11	40min	9	10	9	9.333333333	0.8484848485	8	9	10	9	0.8181818182
ANK/VNR	21	08/11/2025	male	7-10	9	40min	4	6	7	5.666666667	0.6296296296	6	6	6	6	0.6666666667
ASR/VNR	21	08/13/2025	male	8	6	40min	6	5	6	5.666666667	0.9444444444	3	4	4	3.666666667	0.6111111111
VSR/VNR	21	08/13/2025	male	7-10	6	40min	6	5	4	5	0.8333333333	5	4	3	4	0.6666666667
VNR/VNR	21	08/13/2025	male	7-10	6	40min	6	6	6	6	1	5	5	6	5.333333333	0.8888888889
ANK/VNR	21	08/13/2025	male	7-10	5	40min	5	5	5	5	1	5	5	5	5	1
ASR/VNR	21	08/13/2025	male	7-10	5	40min	5	5	5	5	1	5	5	4	4.666666667	0.9333333333
ASR/VNR	21	08/13/2025	male	7-10	5	40min	5	5	4	4.666666667	0.9333333333	5	2	5	4	0.8
ASK/VNR	21	08/27/2025	male	10	9	45min	9	9	9	9	1	9	9	8	8.666666667	0.962962963
ASK/VNR	21	08/27/2025	male	10	9	45min	9	8	8	8.333333333	0.9259259259	7	8	8	7.666666667	0.8518518519
VNK/VNR	21	08/27/2025	male	10	10	45min	9	9	9	9	0.9	9	9	7	8.333333333	0.8333333333
VSR/VNR	21	08/27/2025	male	10	7	45min	7	7	7	7	1	6	7	7	6.666666667	0.9523809524
VSR/VNR	21	08/27/2025	male	10	6	45min	5	6	5	5.333333333	0.8888888889	3	4	5	4	0.6666666667
VSK/VNR	21	08/27/2025	male	10	10	45min	10	10	10	10	1	9	9	8	8.666666667	0.8666666667
VNR/VNR	21	08/27/2025	male	10	8	45min	6	7	6	6.333333333	0.7916666667	6	4	5	5	0.625
ASK/VNR	21	08/27/2025	male	9	6	45min	6	6	6	6	1	6	6	6	6	1
VNK/VNR	21	08/27/2025	male	9	5	45min	5	5	5	5	1	5	5	5	5	1
VSR/VNR	21	08/27/2025	male	9	7	45min	6	5	6	5.666666667	0.8095238095	6	4	6	5.333333333	0.7619047619
ANK/VNR	21	08/27/2025	male	7-10	5	45min	5	5	5	5	1	2	1	2	1.666666667	0.3333333333
VSR/VNR	21	08/18/2025	male	7-10	9	70min	7	6	5	6	0.6666666667	3	3	3	3	0.3333333333
ANK/VNR	21	08/18/2025	male	7-10	6	70min	5	5	5	5	0.8333333333	5	4	5	4.666666667	0.7777777778
VSK/VSK	21	06/18/2025	male	5	8	1h	8	8	8	8	1	3	4	3	3.333333333	0.4166666667
ANR/ANR	21	06/18/2025	male	5	11	1h	11	11	11	11	1	11	10	9	10	0.9090909091
ANR/ANR	21	06/18/2025	male	5	12	1h	12	12	12	12	1	10	10	11	10.33333333	0.8611111111
ANR/ANR	21	06/18/2025	male	5	11	1h	11	11	11	11	1	11	10	7	9.333333333	0.8484848485
ASK/ASK	21	06/18/2025	male	5	11	1h	11	11	11	11	1	10	11	11	10.66666667	0.9696969697
ASK/ASK	21	06/18/2025	male	5	10	1h	9	9	9	9	0.9	8	7	8	7.666666667	0.7666666667
VNR/VNR	21	06/18/2025	male	5	8	1h	7	8	8	7.666666667	0.9583333333	5	6	6	5.666666667	0.7083333333
ASK/ASK	21	06/30/2025	male	10	11	40min	11	11	11	11	1	11	10	9	10	0.9090909091
ASK/ASK	21	06/30/2025	male	10	10	40min	8	10	9	9	0.9	7	8	8	7.666666667	0.7666666667
VNR/VNR	21	06/30/2025	male	10	11	40min	10	10	11	10.33333333	0.9393939394	10	10	8	9.333333333	0.8484848485
ANR/ANR	21	06/30/2025	male	10	7	40min	4	6	7	5.666666667	0.8095238095	5	5	7	5.666666667	0.8095238095
ANR/ANR	21	06/30/2025	male	10	10	40min	7	9	9	8.333333333	0.8333333333	1	7	4	4	0.4
VSK/VSK	21	06/30/2025	male	10	4	40min	4	4	4	4	1	2	2	4	2.666666667	0.6666666667
VNR/VNR	21	07/10/2025	male	10	6	40min	6	5	6	5.666666667	0.9444444444	3	4	3	3.333333333	0.5555555556
ASK/ASK	21	07/10/2025	male	10	10	40min	8	9	8	8.333333333	0.8333333333	8	7	9	8	0.8
VSK/VSK	21	07/10/2025	male	10	8	40min	5	7	2	4.666666667	0.5833333333	3	2	3	2.666666667	0.3333333333
ANR/ANR	21	07/10/2025	male	10	10	40min	7	7	3	5.666666667	0.5666666667	3	1	3	2.333333333	0.2333333333
ANR/ANR	21	07/10/2025	male	10	7	40min	4	4	5	4.333333333	0.619047619	1	2	3	2	0.2857142857
ANR/ANR	21	07/10/2025	male	10	8	40min	6	5	4	5	0.625	3	5	5	4.333333333	0.5416666667
VNR/VNR	21	07/15/2025	male	7	11	45min	9	11	11	10.33333333	0.9393939394	10	10	10	10	0.9090909091
VNR/VNR	21	07/15/2025	male	7	10	45min	9	9	8	8.666666667	0.8666666667	5	7	8	6.666666667	0.6666666667
VNR/VNR	21	07/15/2025	male	7	11	45min	11	11	10	10.66666667	0.9696969697	9	8	7	8	0.7272727273
VNR/VNR	21	07/15/2025	male	7	9	45min	9	9	9	9	1	8	8	8	8	0.8888888889
ASK/ASK	21	07/15/2025	male	7	11	45min	9	9	8	8.666666667	0.7878787879	9	10	8	9	0.8181818182
ANR/ANR	21	07/15/2025	male	7	8	45min	6	8	7	7	0.875	4	7	4	5	0.625
ASK/ASK	21	07/21/2025	male	10	9	45min	9	8	9	8.666666667	0.962962963	8	8	9	8.333333333	0.9259259259
ASK/ASK	21	07/21/2025	male	10	7	45min	7	6	7	6.666666667	0.9523809524	7	5	7	6.333333333	0.9047619048
VNR/VNR	21	07/21/2025	male	10	12	45min	8	8	8	8	0.6666666667	6	7	6	6.333333333	0.5277777778
ASK/ASK	21	07/25/2025	male	9	8	40min	8	8	7	7.666666667	0.9583333333	7	8	7	7.333333333	0.9166666667
VNR/VNR	21	07/25/2025	male	9	9	40min	7	7	8	7.333333333	0.8148148148	5	4	5	4.666666667	0.5185185185
VNR/VNR	21	07/25/2025	male	9	9	40min	9	9	9	9	1	7	7	8	7.333333333	0.8148148148
VSK/VSK	21	07/25/2025	male	9	5	40min	2	2	1	1.666666667	0.3333333333	1	1	0	0.6666666667	0.1333333333
ANR/ANR	21	07/25/2025	male	9	12	40min	9	9	10	9.333333333	0.7777777778	7	10	9	8.666666667	0.7222222222
ANR/ANR	21	07/25/2025	male	9	9	40min	6	8	8	7.333333333	0.8148148148	3	5	4	4	0.4444444444
ANR/ANR	21	07/25/2025	male	9	8	40min	4	6	6	5.333333333	0.6666666667	3	2	4	3	0.375
VSK/VSK	21	07/28/2025	male	10	5	60min	4	5	3	4	0.8	2	2	3	2.333333333	0.4666666667
ASK/ASK	21	07/28/2025	male	11	5	60min	5	3	5	4.333333333	0.8666666667	4	5	5	4.666666667	0.9333333333
ASK/ASK	21	07/28/2025	male	11	10	60min	10	8	8	8.666666667	0.8666666667	8	5	7	6.666666667	0.6666666667
VNR/VNR	21	07/28/2025	male	11	10	60min	9	9	9	9	0.9	9	9	8	8.666666667	0.8666666667
VNR/VNR	21	07/28/2025	male	11	7	60min	7	6	6	6.333333333	0.9047619048	5	6	6	5.666666667	0.8095238095
ANR/ANR	21	07/28/2025	male	11	9	60min	8	8	7	7.666666667	0.8518518519	7	7	7	7	0.7777777778
ANR/ANR	21	07/28/2025	male	11	9	60min	9	7	9	8.333333333	0.9259259259	6	8	7	7	0.7777777778
VSK/VSK	21	07/31/2025	male	7-10	7	60min	7	6	6	6.333333333	0.9047619048	6	4	5	5	0.7142857143
VSK/VSK	21	08/01/2025	male	7-10	5	60min	5	4	3	4	0.8	1	0	1	0.6666666667	0.1333333333
VSK/VSK	21	08/11/2025	male	10	7	40min	6	5	6	5.666666667	0.8095238095	2	3	3	2.666666667	0.380952381
VSK/VSK	21	08/13/2025	male	7-10	6	40min	5	5	5	5	0.8333333333	3	4	4	3.666666667	0.6111111111
VSK/VSK	21	08/13/2025	male	7-10	5	40min	5	5	5	5	1	4	3	3	3.333333333	0.6666666667
