OG0001408 [[335, 338, 341, 360, 369]]
OG0001410 [[146, 147]]
OG0001412_2 [[306, 309, 319, 321, 326], [467, 476, 479]]
OG0001418 [[2, 10]]
OG0001424_1 [[344, 351]]
OG0001427 [[136, 145, 160, 163, 164]]
OG0001429_1 [[2, 5, 18]]
OG0001439 [[197, 211], [252, 255, 261]]
OG0001441 [[358, 362, 363]]
OG0001448 [[189, 200]]
OG0001458_1 [[199, 205], [796, 803, 806]]
OG0001465 [[17, 24]]
OG0001468 [[555, 561]]
OG0001482 [[402, 405, 412]]
OG0001485 [[430, 436]]
OG0001498_1 [[232, 238]]
OG0001500_1 [[13, 19], [310, 318]]
OG0001512 [[340, 352]]
OG0001517 [[142, 149]]
OG0001521 [[203, 205, 206, 207, 208, 220], [436, 444, 448]]
OG0001532 [[180, 188]]
OG0001567_1 [[874, 882]]
OG0001575 [[107, 108, 116]]
OG0001582 [[132, 136, 139, 145, 157]]
OG0001594 [[229, 235, 236, 239]]
OG0001613 [[73, 76]]
OG0001615 [[56, 57, 61]]
OG0001657_1 [[4, 7, 13], [376, 383]]
OG0001659 [[764, 772]]
OG0001663 [[4, 8]]
OG0001672 [[62, 67, 70, 75, 76, 81, 82]]
OG0001673_2 [[246, 247, 248, 249, 250, 251, 252, 253, 254, 256]]
OG0001691_1 [[4, 5, 6, 7, 8, 9, 11, 12, 17]]
OG0001701 [[142, 145]]
OG0001710_1 [[368, 374]]
OG0001763 [[193, 202]]
OG0001772 [[11, 12, 14, 17]]
OG0001793 [[151, 159]]
OG0001796 [[55, 56, 61]]
OG0001799 [[18, 27]]
OG0001826 [[407, 412, 416]]
OG0001858 [[1, 2, 3, 4, 6, 8, 9, 11, 14, 15, 17, 20]]
OG0001872 [[267, 268, 272], [401, 402, 404, 409, 412]]
OG0001896 [[49, 55]]
OG0001898 [[268, 269, 270, 271, 272, 274, 275]]
OG0001903 [[344, 352], [402, 403]]
OG0001909 [[17, 23]]
OG0001910 [[133, 146]]
OG0001919 [[174, 177, 180, 182, 183], [455, 467]]
OG0001932 [[4, 9, 26, 34]]
OG0001949 [[249, 258, 270]]
OG0001956_1 [[54, 60, 63], [443, 444, 447]]
OG0001956_2 [[159, 163, 164]]
OG0001958 [[18, 27, 35]]
OG0001962 [[56, 57]]
OG0001964 [[287, 290, 308]]
OG0001970 [[65, 72], [755, 756]]
OG0002011 [[34, 37]]
OG0002025 [[40, 42, 44, 47, 48, 58, 59]]
OG0002029 [[82, 85]]
OG0002065 [[62, 66, 73]]
OG0002087 [[66, 69, 70, 87]]
OG0002126 [[2, 13]]
OG0002144 [[97, 98, 101], [160, 170]]
OG0002176 [[24, 31]]
OG0002222 [[211, 225, 229, 231, 235, 241]]
OG0002251 [[35, 38, 39]]
OG0002254_1 [[658, 660]]
OG0002268 [[130, 139]]
OG0002292 [[601, 612, 613, 618, 619, 621]]
OG0002325 [[152, 158]]
OG0002335_1 [[780, 796]]
OG0002359_1 [[739, 742, 743]]
OG0002371 [[478, 480, 491]]
OG0002440_1 [[31, 42]]
OG0002445 [[294, 296, 297, 298, 301]]
OG0002454 [[87, 94], [268, 274]]
OG0002461 [[73, 79]]
OG0002466_2 [[198, 210]]
OG0002472 [[39, 42, 43]]
OG0002476_2 [[200, 202, 205, 206, 211]]
OG0002496 [[161, 164], [186, 194]]
OG0002504 [[373, 388]]
OG0002527 [[176, 182, 185, 189, 197, 199]]
OG0002531 [[457, 473, 480]]
OG0002553 [[172, 173, 182]]
OG0002579 [[38, 55, 62]]
OG0002582 [[388, 390, 391, 393, 394, 395, 414, 421]]
OG0002592_2 [[433, 434, 437]]
OG0002597 [[381, 391]]
OG0002602_1 [[374, 381, 386, 388]]
OG0002622 [[492, 498]]
OG0002624 [[27, 31, 32], [210, 211, 214]]
OG0002626 [[245, 246]]
OG0002630 [[9, 10, 23], [318, 324]]
OG0002654 [[83, 85, 88, 94]]
OG0002696_2 [[587, 601, 608]]
OG0002702 [[567, 568, 573]]
OG0002705 [[542, 553, 555, 556, 558]]
OG0002707 [[53, 54], [257, 263]]
OG0002721_1 [[162, 163, 170, 174]]
OG0002740 [[118, 125]]
OG0002747 [[191, 194, 195]]
OG0002755_1 [[638, 646, 649], [868, 871, 883]]
OG0002769 [[73, 75, 80]]
OG0002782 [[166, 167, 170, 171]]
OG0002806 [[36, 42]]
OG0002828_1 [[214, 215, 217, 218, 222, 223, 224, 226, 227]]
OG0002843 [[11, 18, 19]]
OG0002855 [[353, 359]]
OG0002873_2 [[53, 61]]
OG0002879_1 [[438, 453, 460, 461]]
OG0002887_2 [[165, 166], [258, 260]]
OG0002892_1 [[811, 817]]
OG0002912 [[557, 558, 559, 564]]
OG0002914 [[319, 323, 325, 336]]
OG0002915 [[134, 139, 142]]
OG0002919_1 [[708, 709, 713]]
OG0002920 [[116, 133]]
OG0002923_1 [[827, 836, 837]]
OG0002923_2 [[652, 666]]
OG0002924_1 [[745, 749, 755]]
OG0002927 [[496, 499, 505]]
OG0002928 [[155, 157, 159], [183, 192, 200, 205, 209, 213, 214, 231, 235], [256, 259]]
OG0002929_1 [[111, 118, 120, 135]]
OG0002932 [[471, 472]]
OG0002936_1 [[290, 296], [328, 335]]
OG0002939 [[422, 428, 433], [492, 496, 499, 502, 508, 509]]
OG0002942 [[64, 65, 67, 70, 72]]
OG0002956 [[246, 253]]
OG0002969 [[6, 13, 14]]
OG0002970 [[199, 214]]
OG0002983 [[6, 7], [370, 371, 372]]
OG0002990 [[36, 42, 54]]
OG0003006 [[95, 101]]
OG0003010_1 [[139, 150]]
OG0003018 [[1, 3, 6, 8, 11, 12]]
OG0003024_2 [[83, 93]]
OG0003025 [[184, 190], [244, 252], [353, 360]]
OG0003032 [[91, 93, 96, 97, 113, 114, 117]]
OG0003034 [[143, 144, 145, 146]]
OG0003040 [[127, 128, 134]]
OG0003045 [[138, 154, 160], [501, 502, 507]]
OG0003056 [[34, 51]]
OG0003086 [[617, 624]]
OG0003095 [[79, 80, 91, 100]]
OG0003115 [[49, 51, 68]]
OG0003116 [[296, 305, 308], [511, 524]]
OG0003122 [[365, 377]]
OG0003127 [[15, 31]]
OG0003151 [[203, 205, 212]]
OG0003157_1 [[14, 24, 26]]
OG0003168 [[181, 187, 198, 201]]
OG0003178 [[137, 147]]
OG0003191 [[151, 163, 167]]
OG0003193 [[74, 75, 78]]
OG0003196_2 [[160, 168, 177], [291, 301], [536, 541, 542, 544, 547, 552, 553, 554]]
OG0003206 [[14, 20]]
OG0003216 [[582, 589, 592, 595]]
OG0003218 [[533, 547, 548]]
OG0003233 [[251, 255, 261]]
OG0003234 [[313, 319]]
OG0003267 [[745, 747, 755, 758]]
OG0003271 [[186, 192, 193], [261, 269]]
OG0003279 [[32, 43]]
OG0003281 [[109, 111, 118, 119]]
OG0003283 [[54, 59, 67]]
OG0003288 [[26, 29, 30], [307, 308, 312, 314], [401, 404, 410, 414], [474, 485]]
OG0003289 [[31, 49]]
OG0003292 [[14, 15, 18]]
OG0003293_1 [[82, 98, 106, 115, 116, 120], [313, 319, 331, 338, 353, 356, 359, 361, 367], [393, 400, 401, 403, 406, 411, 416], [456, 457, 465, 468, 474, 478, 483, 484, 487, 491], [647, 648, 651], [777, 778]]
OG0003293_2 [[92, 97, 100, 101, 109, 115, 118, 132, 144], [396, 402, 403], [485, 487]]
OG0003324 [[33, 42]]
OG0003339 [[315, 323, 324, 327, 328, 329]]
OG0003342 [[271, 275, 276]]
OG0003347 [[209, 216]]
OG0003380 [[301, 310]]
OG0003391 [[355, 367]]
OG0003427 [[133, 134]]
OG0003444_1 [[382, 390]]
OG0003444_2 [[346, 352, 353, 359]]
OG0003452 [[6, 14]]
OG0003471 [[11, 20, 34, 36, 40, 58, 68, 79], [303, 311, 312]]
OG0003473_1 [[113, 115]]
OG0003476_1 [[812, 815, 826]]
OG0003500_1 [[804, 811, 813, 825, 826], [877, 879, 880]]
OG0003513_1 [[563, 579]]
OG0003513_2 [[876, 892, 893]]
OG0003535 [[125, 130, 134]]
OG0003563_2 [[823, 824, 826, 836, 837], [862, 868], [888, 900]]
OG0003575_2 [[718, 719, 733, 736, 743], [878, 892]]
OG0003595_2 [[237, 246]]
OG0003603_2 [[587, 596, 614, 620]]
OG0003618 [[146, 155]]
OG0003639 [[136, 137]]
OG0003646_1 [[210, 211, 214, 216, 218, 221]]
OG0003646_2 [[60, 71]]
OG0003651_1 [[300, 309]]
OG0003665 [[625, 635]]
OG0003670 [[90, 92, 107, 108], [206, 207, 209, 213, 216, 219], [278, 286]]
OG0003694_2 [[281, 283, 288, 290, 293, 294, 299, 310, 311, 315, 325, 328, 337, 338, 341, 353, 366, 373, 382, 385, 388, 389, 390, 393, 398]]
OG0003703_2 [[64, 80]]
OG0003711 [[823, 835]]
OG0003725 [[131, 136, 138]]
OG0003726 [[1, 2, 3, 4, 6, 8, 9, 12, 16, 17]]
OG0003757 [[201, 203, 206, 207]]
OG0003767 [[28, 35], [435, 436, 438, 440]]
OG0003771 [[71, 84], [114, 128, 130, 131]]
OG0003774_1 [[469, 477]]
OG0003780_2 [[653, 654, 657]]
OG0003790 [[4, 7]]
OG0003794_1 [[88, 93, 95], [669, 672]]
OG0003818 [[291, 297]]
OG0003836 [[230, 233, 234]]
OG0003838_1 [[3, 8]]
OG0003848 [[38, 48]]
OG0003885 [[210, 220]]
OG0003949 [[360, 378]]
OG0003960_1 [[452, 455, 460, 462], [798, 799, 805]]
OG0003960_2 [[97, 98, 105]]
OG0003963 [[24, 30]]
OG0003967 [[145, 146, 149], [357, 376, 379, 397, 403, 406]]
OG0003985 [[90, 91, 94]]
OG0003987 [[188, 190, 191, 194, 198, 199]]
OG0004000 [[312, 319]]
OG0004024 [[47, 48, 51]]
OG0004044_1 [[574, 575]]
OG0004046 [[286, 287, 289, 290, 291, 293, 294]]
OG0004070 [[467, 474, 479, 490]]
OG0004071 [[70, 73, 74]]
OG0004100 [[196, 204]]
OG0004131 [[20, 21, 24]]
OG0004141 [[49, 51, 59]]
OG0004153_1 [[8, 11], [31, 36, 38, 46], [582, 592]]
OG0004155_1 [[873, 881]]
OG0004169 [[36, 46]]
OG0004202 [[443, 444]]
OG0004211 [[211, 216, 217], [439, 443, 444, 445, 447]]
OG0004229_2 [[234, 240]]
OG0004244 [[45, 46], [255, 267]]
OG0004245 [[696, 700]]
OG0004247_1 [[231, 232]]
OG0004264 [[270, 271, 274, 276, 277, 278, 279, 280, 281, 282, 283, 284, 285, 286, 287, 288, 289, 290, 291, 292, 293, 294]]
OG0004285_1 [[846, 861]]
OG0004292 [[78, 84, 99]]
OG0004298 [[204, 205, 206, 208, 210, 211, 212, 213, 220, 221, 222, 224]]
OG0004317_1 [[835, 841]]
OG0004327 [[433, 452, 456, 467, 471]]
OG0004352_1 [[63, 75, 76]]
OG0004361 [[283, 290]]
OG0004370 [[154, 161]]
OG0004384 [[77, 85]]
OG0004417 [[327, 332, 341]]
OG0004420 [[301, 309]]
OG0004424 [[562, 568]]
OG0004425_1 [[119, 120]]
OG0004443 [[88, 89, 94]]
OG0004450_1 [[192, 204, 205], [291, 293, 295, 296, 299, 302, 305]]
OG0004516 [[72, 78, 79, 87, 89, 90, 93, 97]]
OG0004527 [[156, 164]]
OG0004531 [[65, 74], [331, 332]]
OG0004536 [[386, 387], [531, 532, 539]]
OG0004561 [[165, 166, 169]]
OG0004580 [[15, 16]]
OG0004582 [[116, 128]]
OG0004600 [[4, 5]]
OG0004621_1 [[883, 892]]
OG0004635_1 [[847, 853]]
OG0004638 [[73, 82]]
OG0004652 [[139, 149, 154]]
OG0004653 [[171, 173, 178]]
OG0004660 [[126, 142, 148]]
OG0004670 [[88, 89, 93, 95, 96, 100, 105, 108, 112, 113, 116, 117, 127, 129, 132, 143, 144, 147, 149, 157, 158], [200, 204, 205, 207], [363, 365]]
OG0004680_2 [[495, 496]]
OG0004695_1 [[75, 83]]
OG0004707_2 [[486, 500]]
OG0004719 [[503, 504, 505, 507], [562, 569]]
OG0004720 [[698, 699, 702]]
OG0004722_1 [[64, 79]]
OG0004724_1 [[258, 270, 271], [430, 431, 434, 435, 444, 445, 461, 462, 469, 470, 473, 474, 475, 482]]
OG0004752 [[8, 17, 19, 24]]
OG0004756_1 [[49, 52, 53, 54, 55]]
OG0004757_1 [[233, 239, 241, 242]]
OG0004764_2 [[231, 235, 236]]
OG0004782 [[246, 257]]
OG0004784_1 [[128, 135]]
OG0004793 [[96, 101, 108]]
OG0004798 [[574, 590, 593]]
OG0004799 [[476, 484]]
OG0004804 [[474, 477], [519, 522, 527]]
OG0004809 [[414, 426]]
OG0004815 [[249, 251, 253, 254, 257, 264, 266, 273, 278], [383, 384, 387]]
OG0004820 [[76, 93]]
OG0004825_1 [[3, 4, 20, 27, 29, 41], [64, 65, 67, 72, 78], [105, 112], [137, 148]]
OG0004837 [[163, 179], [216, 217], [278, 279, 284, 296], [441, 443, 445]]
OG0004838 [[10, 17, 20], [172, 188]]
OG0004841 [[272, 276, 281, 289]]
OG0004861 [[378, 380, 381, 382, 385, 386], [434, 435]]
OG0004891_2 [[415, 418, 435]]
OG0004922 [[267, 277]]
OG0004924 [[308, 311, 312]]
OG0004947_1 [[235, 236, 237, 239, 240, 241, 243, 244, 245, 246, 247, 248, 249, 250, 251, 252, 253, 254, 257, 260, 261, 262, 263]]
OG0004950 [[66, 67]]
OG0004979_2 [[53, 54, 58], [291, 292, 295]]
OG0005014 [[191, 196, 199, 200], [330, 331, 334]]
OG0005019_2 [[244, 247, 256, 258]]
OG0005029 [[612, 615, 616]]
OG0005044 [[46, 47, 61]]
OG0005050_1 [[178, 182, 187]]
OG0005058 [[105, 117], [247, 253, 256]]
OG0005059 [[305, 309, 311, 313, 317, 319]]
OG0005097 [[257, 258, 261]]
OG0005104 [[68, 76]]
OG0005107 [[298, 304]]
OG0005121 [[270, 271]]
OG0005144 [[170, 171, 172, 176, 177, 178, 180, 182, 184]]
OG0005154 [[52, 60]]
OG0005157 [[698, 715]]
OG0005163 [[55, 56, 62, 63, 76, 77, 81, 84, 88]]
OG0005178 [[517, 520, 521, 538]]
OG0005181 [[84, 85, 89]]
OG0005240 [[123, 124, 126, 131, 132, 133, 134, 135, 137, 138, 139, 140, 141, 142, 143, 144, 145, 146, 147, 148, 149, 150, 151, 152, 153, 154, 155, 156, 157, 158, 159, 160, 161, 162, 163, 164, 165, 167, 168, 169, 170, 171, 172, 173, 175, 176, 177, 178, 179, 180, 182, 183, 184, 185, 187, 188, 189, 190, 191, 192, 193, 194, 195, 196, 197, 198, 200, 201, 202, 203, 204, 205, 206, 207, 208, 209, 210, 211, 212, 213, 214, 215, 217, 218, 220, 221, 222, 224, 226, 227, 228, 229, 231, 232, 233, 234, 235, 236, 237, 238, 239, 240, 241, 242, 245, 246, 247, 248, 249, 250, 251, 252, 253, 254, 255, 256, 257, 258, 259, 260, 261, 263, 264, 265, 266, 267, 268, 269, 270, 271, 272, 273, 274, 275, 276, 277, 278, 279, 280, 281, 282, 283, 284, 285, 286, 291, 292, 293, 294, 295, 296, 297, 313, 314, 315, 316, 317, 318, 319, 320, 321, 322, 323, 324, 325, 326, 327, 328, 329, 330, 331, 332, 333, 334, 335, 336, 337, 338, 339, 340, 341, 342, 343, 344, 345, 346, 347, 348, 349, 351, 353, 354, 355, 356, 357, 358, 359, 360, 361, 363, 364, 365, 366, 367, 369, 370, 371, 372, 373, 374, 375, 376, 377, 378, 379, 380, 381, 382, 384, 385, 386, 387, 388, 389, 390, 391, 392, 393, 394, 395, 396, 397, 398, 399, 400, 401, 402, 403, 404]]
OG0005269_1 [[403, 409]]
OG0005304_2 [[325, 326, 331]]
OG0005317_1 [[808, 819]]
OG0005333 [[55, 64, 65, 71, 72, 76]]
OG0005340 [[33, 51]]
OG0005366 [[624, 626]]
OG0005376_1 [[884, 890]]
OG0005383 [[73, 75, 89]]
OG0005384 [[23, 35, 42]]
OG0005419 [[182, 183, 184, 185, 186, 187]]
OG0005434_1 [[630, 631]]
OG0005440 [[5, 12]]
OG0005442 [[3, 4, 5, 8, 11], [68, 74, 88, 98, 106], [670, 678], [701, 704]]
OG0005444 [[133, 139]]
OG0005447_1 [[509, 511, 515], [557, 559, 560]]
OG0005466_1 [[153, 154]]
OG0005472 [[525, 533]]
OG0005485 [[209, 220]]
OG0005510_1 [[437, 439, 440, 444, 446, 447, 448, 450, 451]]
OG0005527 [[378, 391]]
OG0005546 [[444, 449, 451]]
OG0005549 [[448, 451, 457, 467, 472, 473, 474, 490, 496, 500, 501], [647, 656]]
OG0005551_1 [[760, 772]]
OG0005574 [[327, 333, 337], [364, 365]]
OG0005599 [[470, 476]]
OG0005615_2 [[50, 57]]
OG0005618 [[339, 340, 346]]
OG0005628 [[83, 84]]
OG0005652 [[108, 117], [198, 203, 204]]
OG0005666 [[131, 138, 139]]
OG0005683 [[208, 209, 211, 214]]
OG0005685 [[207, 216]]
OG0005704_2 [[268, 270, 271, 273, 275, 276, 277, 287, 289, 296, 297, 299, 301, 304, 305, 306]]
OG0005713 [[134, 148, 164, 165, 180]]
OG0005717 [[150, 153, 157, 164, 168, 178, 179, 193, 206, 209, 212, 214, 218, 221, 228, 231]]
OG0005782 [[14, 24]]
OG0005799 [[418, 423, 424]]
OG0005812 [[462, 473, 474, 475, 476, 477, 478, 479, 489, 490]]
OG0005814 [[103, 115, 121]]
OG0005820 [[603, 609]]
OG0005823 [[285, 293]]
OG0005829 [[169, 179]]
OG0005846 [[276, 278, 279, 281, 282, 284, 287, 288, 289, 292, 294, 295, 296, 299, 300, 309, 311, 312, 314, 316, 318, 319, 322, 323, 324, 325, 326, 329]]
OG0005855 [[29, 38, 39, 49], [179, 180, 183, 190, 191, 196], [239, 241, 242]]
OG0005859 [[1, 2, 3, 4, 5, 9]]
OG0005861 [[1, 2]]
OG0005864_1 [[154, 155], [205, 208, 217]]
OG0005866_2 [[75, 76], [438, 439, 440, 441, 443, 444, 445, 446, 447, 448, 449]]
OG0005887 [[1, 8]]
OG0005896 [[360, 366]]
OG0005916 [[270, 278, 281]]
OG0005932 [[63, 68, 79]]
OG0005952 [[322, 323], [343, 344]]
OG0005953 [[580, 581, 598]]
OG0005956 [[4, 5, 7, 8, 9, 11, 15, 16], [304, 305, 308, 309], [402, 403, 405, 407, 411, 412, 413, 419, 420, 421, 423, 426, 427, 429]]
OG0005979 [[35, 39, 41]]
OG0006021 [[289, 296, 297, 303], [355, 373]]
OG0006023 [[510, 518]]
OG0006032 [[59, 60, 67]]
OG0006034_2 [[506, 513]]
OG0006053_1 [[319, 325, 335], [437, 440, 441], [465, 471, 489, 490, 500, 501]]
OG0006054 [[290, 292, 310, 312]]
OG0006075 [[140, 143, 144, 151]]
OG0006077 [[356, 362]]
OG0006101 [[155, 156, 162]]
OG0006105 [[348, 363, 365]]
OG0006110 [[298, 307]]
OG0006127 [[225, 232]]
OG0006144_3 [[318, 323, 326]]
OG0006154_1 [[827, 831, 837], [891, 892]]
OG0006184 [[167, 169, 170, 174, 181, 187]]
OG0006193_1 [[408, 412, 421, 426]]
OG0006197_2 [[4, 5]]
OG0006215 [[488, 494]]
OG0006218 [[85, 93]]
OG0006272_1 [[3, 13]]
OG0006294 [[94, 95, 99]]
OG0006306 [[286, 289, 290], [332, 334, 345, 346, 348, 356, 358, 373, 375, 379, 381]]
OG0006309_1 [[741, 758]]
OG0006309_2 [[147, 148, 151, 154]]
OG0006310_1 [[42, 51], [126, 130, 140]]
OG0006312_1 [[575, 576, 580]]
OG0006321 [[70, 77]]
OG0006328 [[2, 4, 18, 19, 22, 26]]
OG0006334 [[158, 164]]
OG0006342 [[57, 60, 61]]
OG0006356 [[67, 75]]
OG0006363 [[354, 355]]
OG0006392 [[208, 209]]
OG0006401 [[15, 17, 19, 23, 27]]
OG0006407 [[35, 43]]
OG0006408 [[51, 52, 60, 64]]
OG0006415 [[96, 97, 101, 104, 121, 133]]
OG0006433 [[689, 695]]
OG0006436 [[43, 49]]
OG0006449 [[189, 195]]
OG0006463_1 [[68, 69, 72]]
OG0006470_2 [[191, 201]]
OG0006478 [[409, 412, 413]]
OG0006493 [[610, 611], [634, 640], [734, 741]]
OG0006502 [[17, 31]]
OG0006516_1 [[236, 240, 250]]
OG0006518 [[10, 24]]
OG0006522_2 [[438, 441, 442, 443, 444, 445, 447]]
OG0006527 [[415, 428]]
OG0006532 [[16, 24]]
OG0006549 [[8, 11, 13, 17, 18]]
OG0006550_2 [[625, 626, 627, 628, 629, 633, 635]]
OG0006556 [[74, 91]]
OG0006558 [[36, 42, 45]]
OG0006559 [[112, 114, 129, 131, 132, 134]]
OG0006571 [[71, 78]]
OG0006576 [[87, 90], [133, 142, 143]]
OG0006579_1 [[27, 32], [90, 94, 97, 98, 99]]
OG0006580 [[612, 618]]
OG0006586_1 [[191, 201]]
OG0006591 [[15, 21, 29]]
OG0006593 [[194, 199, 218]]
OG0006610 [[465, 466]]
OG0006612 [[588, 591]]
OG0006620 [[173, 179]]
OG0006623_2 [[154, 162, 168]]
OG0006626 [[118, 121], [144, 146, 156]]
OG0006627 [[173, 175, 181, 184]]
OG0006629 [[111, 118]]
OG0006631_1 [[398, 401, 402, 414, 415], [603, 610], [790, 794], [872, 874, 885]]
OG0006633 [[175, 183]]
OG0006637_1 [[432, 440]]
OG0006637_2 [[115, 116, 117, 118]]
OG0006640 [[361, 368, 370, 376]]
OG0006653_2 [[511, 513, 524]]
OG0006657_2 [[292, 310]]
OG0006660_1 [[231, 234, 240]]
OG0006661 [[803, 805]]
OG0006665 [[153, 161, 163, 174, 176, 179]]
OG0006673 [[97, 108]]
OG0006674 [[153, 154, 158]]
OG0006675 [[345, 352]]
OG0006678 [[573, 577]]
OG0006679 [[46, 52]]
OG0006680 [[126, 127], [152, 153, 158], [204, 207], [489, 492, 499]]
OG0006683 [[440, 447]]
OG0006684 [[403, 413, 419], [475, 480, 484, 493], [520, 528, 531, 540, 558, 577]]
OG0006688 [[529, 530]]
OG0006689 [[35, 46]]
OG0006691 [[17, 31, 35]]
OG0006698_1 [[873, 879]]
OG0006698_2 [[268, 271], [313, 316]]
OG0006701 [[111, 124, 126], [222, 227, 229]]
OG0006706 [[16, 21], [127, 130, 135], [179, 182, 183, 184]]
OG0006707 [[118, 128]]
OG0006717 [[74, 80, 94, 98], [148, 150, 152, 153]]
OG0006718 [[64, 66, 71, 73, 74, 76, 77], [367, 376], [423, 431, 432, 442, 454]]
OG0006720 [[1, 3, 13], [59, 60], [98, 104, 111]]
OG0006722 [[2, 6], [51, 57]]
OG0006735_1 [[17, 26, 30, 49, 53, 64], [237, 243], [803, 807, 812, 817, 820], [861, 863, 864, 878]]
OG0006736 [[115, 122, 123], [215, 221, 222]]
OG0006737 [[273, 274, 280]]
OG0006743 [[131, 132, 143, 147, 161], [422, 423, 434, 447], [496, 498, 506, 522], [565, 574, 586, 600, 619], [686, 697, 698, 711]]
OG0006751 [[730, 735, 740, 741]]
OG0006761 [[280, 281, 293, 299], [369, 380, 385], [616, 620, 622, 628], [704, 710]]
OG0006773 [[526, 527, 540, 546], [566, 571]]
OG0006774 [[292, 301, 307]]
OG0006779_1 [[243, 247, 249], [390, 405, 407, 424], [455, 458, 463, 475, 476]]
OG0006782_1 [[18, 34]]
OG0006783 [[617, 625, 631]]
OG0006786 [[84, 91], [130, 132]]
OG0006802 [[196, 197, 199, 200, 201, 202], [410, 413, 415, 417, 419, 423, 426, 428, 431, 434, 437, 443, 445, 451, 454, 455, 459, 461, 470, 473, 476, 480, 492, 496, 499, 501]]
OG0006806 [[196, 204]]
OG0006808 [[448, 455]]
OG0006810 [[12, 19]]
OG0006813 [[43, 44, 50], [392, 408]]
OG0006816_1 [[577, 585]]
OG0006825 [[82, 88]]
OG0006832 [[7, 14, 24, 34, 38, 41, 43]]
OG0006836 [[40, 47, 51, 55]]
OG0006843 [[148, 154]]
OG0006850_2 [[213, 224]]
OG0006852 [[97, 98, 116, 117], [182, 183, 188, 189, 192, 198, 200, 209, 213, 217, 229, 232, 233, 237, 239, 247, 255], [625, 638, 640, 645], [745, 746]]
OG0006855 [[45, 61, 67, 69]]
OG0006858_1 [[665, 673, 678, 682], [757, 767]]
OG0006858_2 [[44, 47], [519, 528, 538, 555], [636, 638]]
OG0006863 [[4, 5], [182, 185, 194]]
OG0006865 [[71, 77, 89], [116, 120], [140, 149, 167, 170], [294, 295], [684, 685, 692]]
OG0006874 [[701, 715], [764, 776]]
OG0006878_1 [[217, 218, 219]]
OG0006882 [[464, 469, 471]]
OG0006900 [[123, 126, 131]]
OG0006901 [[277, 281, 284], [304, 306, 312, 314], [339, 348, 364, 365, 383, 391]]
OG0006908 [[4, 7], [52, 54, 59]]
OG0006920 [[41, 50]]
OG0006924 [[15, 25]]
OG0006926 [[44, 54]]
OG0006929 [[149, 154, 157]]
OG0006930 [[271, 277]]
OG0006932 [[160, 162, 165], [204, 210, 212, 221, 231, 236]]
OG0006946_1 [[19, 24, 30, 49, 59], [173, 177]]
OG0006948 [[7, 14, 32, 34, 39, 40], [186, 190, 191]]
OG0006950 [[259, 267, 269]]
OG0006958_2 [[59, 64, 67, 68]]
OG0006960 [[6, 19]]
OG0006962 [[173, 174, 180]]
OG0006966_1 [[74, 80, 91, 94]]
OG0006975 [[65, 66, 70]]
OG0006977 [[15, 31]]
OG0006986 [[29, 36, 46, 47, 50]]
OG0006993_1 [[454, 463]]
OG0006996_1 [[13, 14, 17], [419, 420, 421, 422, 424, 427]]
OG0007004 [[128, 141, 143]]
OG0007012 [[8, 20]]
OG0007018_1 [[811, 818]]
OG0007021 [[10, 23]]
OG0007022 [[88, 89, 94]]
OG0007034 [[248, 252, 258, 261]]
OG0007035 [[25, 28, 29]]
OG0007038 [[82, 90]]
OG0007042 [[269, 279]]
OG0007043 [[404, 412]]
OG0007051 [[279, 281, 292, 294], [327, 333, 347]]
OG0007052 [[513, 519]]
OG0007054 [[65, 68, 69]]
OG0007063 [[261, 271]]
OG0007069 [[246, 260, 265]]
OG0007071 [[142, 155]]
OG0007073 [[486, 492]]
OG0007095 [[16, 22, 31]]
OG0007096 [[331, 337]]
OG0007098 [[615, 621, 624]]
OG0007099 [[218, 227, 232, 242, 243, 247, 250], [299, 300]]
OG0007101 [[16, 22]]
OG0007102 [[248, 258]]
OG0007103 [[21, 23, 28]]
OG0007105_2 [[45, 48, 65, 68, 75, 82]]
OG0007107 [[435, 436, 437, 439, 440, 442, 459, 460]]
OG0007113 [[291, 307]]
OG0007123 [[334, 339, 343]]
OG0007132 [[10, 17]]
OG0007154 [[66, 70, 71, 90], [157, 172]]
OG0007168_1 [[833, 844]]
OG0007169 [[379, 393]]
OG0007173 [[169, 178], [302, 316]]
OG0007175 [[175, 176, 179, 182, 184]]
OG0007191 [[431, 436]]
OG0007193 [[617, 632]]
OG0007197 [[617, 619]]
OG0007200_1 [[264, 266, 271, 274], [864, 870]]
OG0007200_2 [[53, 57, 61]]
OG0007201 [[6, 13]]
OG0007204 [[558, 572, 573]]
OG0007205 [[198, 205], [228, 229, 242, 248, 253]]
OG0007206 [[21, 33]]
OG0007207 [[846, 847, 850, 852]]
OG0007214 [[85, 91]]
OG0007217 [[288, 298]]
OG0007225 [[307, 313, 314, 320]]
OG0007242 [[8, 9, 23]]
OG0007244 [[14, 23]]
OG0007256 [[391, 401, 402, 404, 409]]
OG0007264 [[511, 518]]
OG0007267 [[10, 17, 21, 25]]
OG0007273 [[15, 21]]
OG0007274 [[71, 77]]
OG0007306 [[304, 310]]
OG0007317 [[96, 103, 115]]
OG0007321_1 [[474, 475, 477, 479], [891, 900]]
OG0007337 [[130, 140]]
OG0007341 [[17, 23, 26, 27, 32]]
OG0007347 [[59, 62, 67, 71, 73, 74]]
OG0007348_2 [[19, 20, 26]]
OG0007353 [[200, 201]]
OG0007364 [[32, 33, 36, 44, 46, 47], [100, 101, 111, 119]]
OG0007388_1 [[113, 114]]
OG0007393_1 [[243, 246, 248, 249]]
OG0007401 [[253, 258, 259]]
OG0007405 [[151, 152, 153, 154, 156]]
OG0007407 [[108, 115], [289, 302, 303]]
OG0007410 [[477, 483]]
OG0007411_1 [[881, 887]]
OG0007420_2 [[562, 569]]
OG0007425 [[176, 186]]
OG0007436 [[462, 473]]
OG0007438_2 [[768, 779]]
OG0007449 [[81, 85, 91, 96], [226, 229, 233, 236, 245, 252, 255]]
OG0007452 [[61, 69], [300, 304, 307, 308], [392, 398], [455, 458]]
OG0007462_1 [[667, 668]]
OG0007462_2 [[215, 221], [290, 299, 304, 320, 322, 337, 339]]
OG0007468 [[73, 85]]
OG0007470 [[159, 163, 182]]
OG0007473 [[152, 159], [406, 407, 425]]
OG0007477_2 [[177, 183, 201, 208]]
OG0007485_1 [[802, 811]]
OG0007487 [[357, 358, 364]]
OG0007496_2 [[732, 739, 743, 745]]
OG0007496_3 [[48, 50], [254, 257]]
OG0007501 [[12, 26, 35, 37, 39, 44]]
OG0007523 [[109, 115]]
OG0007533_2 [[335, 342]]
OG0007547_1 [[882, 891]]
OG0007564 [[17, 19], [46, 50], [125, 128, 133, 150], [420, 423]]
OG0007584 [[10, 11]]
OG0007591 [[40, 49, 50, 57]]
OG0007604 [[214, 216, 218]]
OG0007611_1 [[23, 24]]
OG0007628_1 [[871, 879]]
OG0007643_2 [[222, 223]]
OG0007670 [[4, 5]]
OG0007675 [[152, 163, 164, 167]]
OG0007740_1 [[33, 46, 51]]
OG0007749 [[295, 304]]
OG0007762 [[11, 15, 16], [260, 261, 264]]
OG0007770_1 [[36, 37, 48, 54, 63, 66, 70, 71, 74, 78], [816, 817, 821]]
OG0007770_2 [[138, 139, 142], [255, 262]]
OG0007796_3 [[228, 247]]
OG0007799 [[106, 112]]
OG0007812 [[101, 115, 116]]
OG0007822 [[111, 115, 118, 119, 120, 121, 123]]
OG0007870 [[292, 302]]
OG0007876 [[357, 363], [635, 643, 645, 646, 659, 663, 665, 673]]
OG0007881 [[2, 3]]
OG0007905 [[165, 167, 174]]
OG0007956 [[404, 405, 408]]
OG0007987_1 [[512, 513, 517]]
OG0007999_1 [[232, 234, 235, 237, 240, 241]]
OG0008004_2 [[415, 416, 422, 424]]
OG0008018 [[19, 21, 24, 39, 51, 52]]
OG0008057 [[215, 223]]
OG0008073 [[22, 26, 27]]
OG0008101 [[21, 25, 30, 46]]
OG0008117 [[106, 112, 114, 122]]
OG0008119 [[187, 203]]
OG0008123 [[4, 5, 8, 10, 15, 18, 23, 28, 30, 33, 36, 37, 38, 39, 40, 42, 43, 45, 46, 48, 50], [83, 84, 87, 90, 91, 92, 93, 94, 96, 97, 98]]
OG0008153_1 [[326, 330, 337]]
OG0008223 [[118, 123, 131]]
OG0008260 [[16, 22]]
OG0008293_1 [[633, 638, 639, 650, 651]]
OG0008293_2 [[366, 373]]
OG0008304_1 [[477, 482, 485]]
OG0008328 [[8, 18, 24]]
OG0008330 [[56, 65]]
OG0008342_1 [[336, 344], [450, 457]]
OG0008344 [[3, 9], [395, 396, 398, 403]]
OG0008389_1 [[840, 843, 853, 854]]
OG0008412_1 [[208, 211, 220, 223, 224], [305, 312]]
OG0008412_2 [[8, 11, 12]]
OG0008428 [[181, 195]]
OG0008429 [[175, 177, 180, 186]]
OG0008434_1 [[839, 840, 845]]
OG0008436_2 [[770, 771]]
OG0008440 [[5, 8, 18], [169, 185, 186]]
OG0008454_2 [[267, 271]]
OG0008459_1 [[497, 503]]
OG0008470 [[179, 180]]
OG0008472 [[72, 78]]
OG0008489_1 [[278, 293, 295, 296, 299, 300, 301, 307]]
OG0008490_1 [[83, 84]]
OG0008504_2 [[769, 779]]
OG0008535_1 [[489, 490, 493]]
OG0008540 [[31, 38]]
OG0008565 [[410, 419, 420]]
OG0008566_1 [[85, 103], [137, 145]]
OG0008587 [[7, 10, 11]]
OG0008591 [[347, 350, 351, 355, 359]]
OG0008593 [[294, 306]]
OG0008617_1 [[88, 91, 92], [429, 430, 432, 434], [694, 695, 698, 703, 706]]
OG0008621_1 [[448, 454]]
OG0008622 [[258, 268]]
OG0008636 [[409, 412, 413, 423]]
OG0008658 [[119, 125]]
OG0008677 [[488, 489, 493]]
OG0008743 [[357, 363]]
OG0008756 [[58, 59, 65]]
OG0008768 [[327, 328, 331]]
OG0008769_1 [[245, 246, 256]]
OG0008776 [[223, 226]]
OG0008777 [[67, 73]]
OG0008845 [[34, 36]]
OG0008852 [[695, 698, 704, 706]]
OG0008855_1 [[398, 399, 400, 401, 402, 403, 404, 405, 407, 410, 412, 413, 414, 415, 418, 421], [479, 480, 481, 483]]
OG0008856 [[50, 60]]
OG0008865 [[152, 153, 154, 155, 156, 157]]
OG0008883 [[353, 368]]
OG0008900 [[239, 250]]
OG0008929 [[169, 174, 175]]
OG0008939 [[188, 189], [462, 468]]
OG0008997 [[520, 521]]
OG0009047 [[44, 52]]
OG0009082 [[128, 129, 133]]
OG0009112 [[4, 5], [87, 97]]
OG0009117_2 [[136, 144]]
OG0009121 [[433, 437, 443]]
OG0009142 [[131, 145]]
OG0009145_3 [[237, 245]]
OG0009153 [[837, 838]]
OG0009163 [[17, 19, 25]]
OG0009166 [[280, 285, 304, 305]]
OG0009178_2 [[9, 13, 14, 21], [188, 191, 203, 208, 209], [235, 239, 252, 263, 267, 268, 275]]
OG0009185_1 [[432, 444, 451, 462, 472, 474], [502, 510, 523, 535], [565, 574], [639, 641]]
OG0009214 [[33, 52]]
OG0009220 [[307, 308]]
OG0009244 [[196, 200, 202], [353, 354, 359, 366, 367, 372, 376, 390, 391, 392, 395, 396, 399, 401, 407, 410, 414]]
OG0009245_1 [[600, 607, 619], [668, 685]]
OG0009246 [[37, 38, 39, 41]]
OG0009254 [[368, 377, 379, 384], [428, 434]]
OG0009256 [[208, 210, 212, 214, 216, 220], [243, 244, 250]]
OG0009266 [[19, 36, 37], [193, 207]]
OG0009315 [[65, 70], [192, 194, 195, 196, 199]]
OG0009317 [[79, 86, 87]]
OG0009332_2 [[87, 89, 98, 99, 108, 111, 113], [227, 228, 238, 239], [786, 787, 788, 789, 790, 791, 792, 793, 794, 795, 796, 797, 798, 799, 800, 801, 802, 803, 804, 805, 807, 808, 809, 810, 811, 813, 814, 815, 816, 817, 818, 819, 820, 821, 822, 823, 824, 825, 826, 827, 829, 830, 831, 832, 833, 834, 836, 837, 838, 839, 840, 842, 843, 844, 845, 846, 847, 848, 849, 850, 851, 853, 854, 855, 856, 857, 858, 859, 860, 861, 863, 864, 865, 866, 867, 868, 869, 870, 871, 872, 873, 874, 875, 876, 877, 878, 879, 880, 881, 883, 884, 885, 888, 889, 890, 891, 892, 893, 894, 895]]
OG0009334_1 [[880, 899]]
OG0009336 [[26, 40, 47, 50, 52], [77, 79]]
OG0009345 [[184, 196]]
OG0009346_1 [[46, 52, 54]]
OG0009360_1 [[210, 221], [886, 887]]
OG0009365 [[284, 291], [331, 332, 341, 349, 352]]
OG0009383 [[50, 52, 60]]
OG0009388 [[90, 96]]
OG0009393 [[28, 42]]
OG0009403 [[2, 10]]
OG0009416_1 [[7, 9]]
OG0009421_1 [[507, 516]]
OG0009429_1 [[477, 479, 485, 486]]
OG0009429_2 [[227, 228]]
OG0009431 [[303, 310]]
OG0009433 [[535, 546], [613, 616, 623], [662, 668, 670, 672, 675]]
OG0009446 [[616, 628], [669, 673, 681, 683]]
OG0009447_1 [[155, 159, 160, 165, 172, 187], [292, 293, 295, 305, 310, 318], [370, 372, 382, 392, 408, 418, 420], [518, 519, 521, 523, 524], [865, 872, 877]]
OG0009450 [[98, 99, 100, 107, 108]]
OG0009460 [[60, 69]]
OG0009475 [[79, 87, 90], [706, 707]]
OG0009476 [[109, 115]]
OG0009479 [[144, 151, 161]]
OG0009507 [[89, 90, 91]]
OG0009522 [[2, 21, 37, 39, 40, 54, 56, 58, 69, 78]]
OG0009536 [[78, 82, 83]]
OG0009537_1 [[381, 382, 387]]
OG0009563 [[512, 519]]
OG0009565 [[24, 40, 41, 52, 53, 55, 56, 57, 58, 59, 60, 63, 64, 65, 66, 68, 69, 70, 71, 72, 83, 90], [556, 557, 558, 560, 562]]
OG0009569 [[120, 123, 127, 130, 132, 135, 141, 143]]
OG0009571 [[210, 212]]
OG0009572_1 [[397, 398, 409], [843, 848, 855, 859]]
OG0009607 [[99, 112]]
OG0009610 [[398, 404]]
OG0009614 [[5, 13, 14]]
OG0009638 [[737, 744], [875, 876, 881]]
OG0009642_1 [[43, 44, 48]]
OG0009659 [[29, 31, 41]]
OG0009663 [[215, 220, 223]]
OG0009667 [[273, 278, 285, 286, 289]]
OG0009679 [[675, 685]]
OG0009684 [[20, 30]]
OG0009698_1 [[695, 705]]
OG0009731_1 [[337, 338, 345]]
OG0009737 [[460, 463, 464]]
OG0009761 [[129, 130, 131, 132]]
OG0009763 [[206, 216], [476, 492, 494, 500]]
OG0009771 [[323, 330]]
OG0009774 [[126, 130, 131]]
OG0009783_2 [[729, 734, 737]]
OG0009796 [[3, 6], [178, 179, 181, 183]]
OG0009806 [[141, 143, 148]]
OG0009820_1 [[377, 387, 389]]
OG0009844_1 [[18, 26]]
OG0009848 [[85, 86, 89]]
OG0009869 [[136, 137, 138, 139, 140, 141, 143, 144]]
OG0009878_1 [[477, 481, 488, 490, 496, 503, 506, 521, 523, 528, 537], [685, 686, 688, 692]]
OG0009885_1 [[214, 219, 220]]
OG0009908_1 [[7, 11, 20]]
OG0009909 [[135, 141, 143], [489, 490, 492]]
OG0009922 [[4, 15]]
OG0009933 [[174, 184]]
OG0009947_1 [[35, 36, 37, 38, 40, 44, 45, 47, 50, 56, 59], [146, 152, 160]]
OG0009963 [[347, 355, 357]]
OG0009970 [[317, 325]]
OG0009979_1 [[404, 405, 406, 410, 412, 414]]
OG0009979_2 [[213, 214, 222, 224, 232, 233, 238, 241, 242, 247, 248, 252]]
OG0009988 [[58, 61, 65, 66, 67]]
OG0009992 [[80, 84, 85]]
OG0009999 [[56, 62, 78, 86]]
OG0010025 [[45, 46, 47, 50]]
OG0010026 [[89, 90, 101]]
OG0010032_2 [[432, 438]]
OG0010035 [[551, 568]]
OG0010039_1 [[206, 207, 225, 226], [791, 792, 796, 797]]
OG0010044 [[307, 308]]
OG0010048 [[512, 521]]
OG0010049 [[318, 319, 322]]
OG0010068 [[672, 682]]
OG0010088_1 [[402, 406, 407]]
OG0010090 [[377, 380, 381]]
OG0010130_1 [[201, 207, 208, 212, 214, 216]]
OG0010138 [[104, 112, 116]]
OG0010174 [[178, 184, 187]]
OG0010176 [[117, 119, 130], [381, 384, 385]]
OG0010230_2 [[367, 377]]
OG0010246 [[236, 239, 241, 242, 243, 244, 246, 247, 248, 249, 250]]
OG0010250_1 [[769, 772, 778]]
OG0010254_1 [[765, 766, 769]]
OG0010255 [[1, 2, 3, 4, 5, 6, 7, 9, 12, 13, 14, 15, 16, 18, 19]]
OG0010290 [[625, 627, 634, 641, 649, 650, 652, 663], [684, 689, 695, 697]]
OG0010309 [[54, 62, 64]]
OG0010312 [[61, 69], [199, 216, 220]]
OG0010322 [[375, 386]]
OG0010325_2 [[2, 3, 10]]
OG0010327 [[280, 285, 291, 294, 297, 299], [477, 479, 492, 495, 502]]
OG0010330_2 [[423, 424, 425, 426]]
OG0010336 [[69, 72, 78, 86]]
OG0010338 [[10, 22, 25, 28]]
OG0010340 [[191, 205]]
OG0010352 [[38, 39, 41, 43, 45, 46], [270, 273, 283, 290, 298, 314, 319, 322, 327, 332, 337], [398, 399, 401, 403, 407, 409, 414, 415]]
OG0010354 [[28, 29, 32]]
OG0010374 [[403, 412]]
OG0010431 [[410, 417]]
OG0010432_1 [[879, 889]]
OG0010441 [[407, 409, 411, 412, 413]]
OG0010442_3 [[22, 29, 32, 51], [295, 302], [326, 328, 329, 337, 354, 368, 384, 390]]
OG0010450 [[134, 135, 141]]
OG0010455 [[94, 98, 112, 122, 129]]
OG0010461 [[2, 4, 5]]
OG0010480 [[128, 129, 132]]
OG0010492 [[169, 174, 175]]
OG0010499 [[467, 471, 472]]
OG0010508_1 [[20, 24, 27, 28], [175, 177, 179], [435, 438, 439]]
OG0010551 [[5, 9], [30, 32, 45], [102, 115], [298, 300, 303, 305, 306, 307, 310]]
OG0010558 [[97, 98]]
OG0010568 [[1, 4, 5, 7, 8]]
OG0010571 [[162, 164, 169, 171], [269, 279]]
OG0010580 [[38, 39, 40, 41, 43]]
OG0010590 [[56, 57]]
OG0010604 [[245, 247]]
OG0010611 [[61, 72]]
OG0010620 [[50, 53, 54]]
OG0010634 [[92, 93, 100]]
OG0010712_3 [[44, 52], [106, 112], [217, 218, 227, 230]]
OG0010721 [[87, 88]]
OG0010723 [[47, 49, 62, 63, 67, 81], [110, 120, 122, 128, 134, 139, 140, 153], [186, 187, 201, 215, 217, 222, 227, 246, 261, 262, 263, 273, 280, 288, 295, 297, 302], [353, 358, 359, 371, 374, 377, 379, 380, 385], [426, 427, 429, 431, 432]]
OG0010732 [[5, 8, 12, 20]]
OG0010757 [[1, 2, 5], [286, 287, 290, 292], [322, 326]]
OG0010759_1 [[774, 780]]
OG0010759_2 [[143, 154]]
OG0010770 [[12, 25], [80, 81], [198, 200, 201, 205, 206], [258, 261, 267, 275, 280, 284, 300, 303]]
OG0010792 [[4, 7, 9, 12, 18]]
OG0010793 [[24, 25, 40, 44]]
OG0010799 [[68, 77, 79, 84]]
OG0010812 [[23, 27]]
OG0010821 [[79, 85, 90, 109, 121, 137, 141, 160], [412, 416]]
